流水號,調查日期,縣市,鄉鎮市區,村里,調查地區分類,調查機關或代表地點,緯度,經度,調查戶數,陽性戶數,陽性戶數(有埃及斑蚊幼蟲),調查人員種類,積水容器數量(戶內),積水容器數量(戶外),陽性容器數量(戶內),陽性容器數量(戶外),採獲埃及斑蚊雌蟲數(戶內),採獲埃及斑蚊雌蟲數(戶內),採獲白線斑蚊雌蟲數(戶內),採獲白線斑蚊雌蟲數(戶內),孳生埃及斑蚊幼蟲數,孳生白線斑蚊幼蟲數,孳生斑蚊幼蟲數(未分類),孳生斑紋蛹數,布氏指數,布氏級數,成蟲指數(埃及斑蚊),成蟲指數(白線斑蚊),住宅指數,住宅級數,住宅指數(有白線斑蚊),住宅級數(有白線斑蚊),容器指數,容器級數,幼蟲指數,幼蟲級數,蛹指數
195,2015/8/13,台南市,安平區,國平里,住宅,,22.9793723,120.1675902,17,,,監測,2,1,0,0,,,,,,,,,0,0,0,0,0,0,0,0,0,0,0,0,-
196,2015/8/13,台南市,北　區,永祥里,住宅,,23.0160134,120.2202587,125,1,1,監測,14,26,0,1,,,,,5,,,,1,1,0,0,1,1,1,1,3,1,4,2,-
197,2015/8/13,台南市,北　區,六甲里,住宅,,23.0127602,120.2101595,165,,,監測,16,31,0,0,,,,,,,,,0,0,0,0,0,0,0,0,0,0,0,0,-
198,2015/8/13,台南市,南　區,新興里,住宅,,22.9799434,120.19537,50,4,4,監測,44,14,3,2,,,,,200,,,,10,3,0,0,8,3,8,3,9,3,400,6,-
199,2015/8/13,台南市,南　區,廣州里,住宅,,22.9841637,120.1928448,50,1,1,監測,8,15,1,0,,,,,5,,,,2,1,0,0,2,1,2,1,4,2,10,2,-
200,2015/8/13,台南市,南　區,文華里,住宅,,22.98611,120.1899588,50,1,1,監測,5,9,0,1,,,,,15,,,,2,1,0,0,2,1,2,1,7,3,30,3,-
201,2015/8/13,台南市,南　區,松安里,住宅,,22.9248924,120.1776926,50,2,2,監測,10,33,0,2,,,,,90,,,27,4,1,0,0,4,2,4,2,5,2,180,5,54
202,2015/8/13,台南市,南　區,金華里,住宅,,22.9796984,120.1885158,51,,,監測,11,9,0,0,,,,,,,,,0,0,0,0,0,0,0,0,0,0,0,0,-
203,2015/8/13,台南市,永康區,三合里,住宅,,23.010739,120.2390123,52,4,,監測,22,24,3,1,,,,,,44,,5,8,2,0,0,8,3,0,0,9,3,85,4,10
204,2015/8/13,台南市,永康區,甲頂里,住宅,,23.0217702,120.2152092,50,2,,監測,18,7,1,1,,,,,,25,,,4,1,0,0,4,2,0,0,8,3,50,4,-
205,2015/8/13,台南市,永康區,甲頂里,住宅,,23.0217702,120.2152092,50,,,監測,4,4,0,0,,,,,,,,,0,0,0,0,0,0,0,0,0,0,0,0,-
206,2015/8/13,台南市,永康區,鹽行里,住宅,,23.0423211,120.2320089,50,,,監測,12,17,0,0,,,,,,,,,0,0,0,0,0,0,0,0,0,0,0,0,-
177,2015/8/12,台南市,永康區,五王里,住宅,,23.0116465,120.2346848,50,1,,監測,6,23,0,1,,,,,,50,,,2,1,0,0,2,1,0,0,3,2,100,4,-
178,2015/8/12,台南市,永康區,烏竹里,住宅,,23.0410039,120.2642533,50,,,監測,7,6,0,0,,,,,,,,,0,0,0,0,0,0,0,0,0,0,0,0,-
179,2015/8/12,台南市,南　區,新興里,住宅,,22.9799434,120.19537,50,3,3,監測,1,8,0,6,,,,,50,,,,12,3,0,0,6,2,6,2,67,9,100,4,-
180,2015/8/12,台南市,南　區,日新里,住宅,,22.974026,120.1899588,62,2,2,監測,8,27,1,1,,,,,32,,,,3,1,0,0,3,1,3,1,6,3,52,4,-
181,2015/8/12,台南市,南　區,明亮里,住宅,,22.9693947,120.1928448,50,2,2,監測,11,16,0,2,,,,,20,,,,4,1,0,0,4,2,4,2,7,3,40,4,-
182,2015/8/12,台南市,南　區,明興里,住宅,,22.9629831,120.1914018,51,,,監測,0,14,0,0,,,,,,,,,0,0,0,0,0,0,0,0,0,0,0,0,-
183,2015/8/12,台南市,南　區,南華里,住宅,,22.9622436,120.1885158,60,,,監測,7,19,0,0,,,,,,,,,0,0,0,0,0,0,0,0,0,0,0,0,-
184,2015/8/12,台南市,南　區,大忠里,住宅,,22.9698014,120.2101595,46,,,監測,17,1,0,0,,,,,,,,,0,0,0,0,0,0,0,0,0,0,0,0,-
185,2015/8/12,台南市,南　區,南華里,住宅,,22.9622436,120.1885158,50,,,監測,0,14,0,0,,,,,,,,,0,0,0,0,0,0,0,0,0,0,0,0,-
186,2015/8/12,台南市,南　區,喜北里,住宅,,22.9490628,120.1776926,48,,,監測,6,4,0,0,,,,,,,,,0,0,0,0,0,0,0,0,0,0,0,0,-
187,2015/8/12,台南市,北　區,正覺里,住宅,,23.0151428,120.2116023,270,,,監測,30,17,0,0,,,,,,,,,0,0,0,0,0,0,0,0,0,0,0,0,-
188,2015/8/12,台南市,北　區,永祥里,住宅,,23.0160134,120.2202587,103,1,1,監測,14,20,0,1,,,,,10,,,,1,1,0,0,1,1,1,1,3,2,10,2,-
189,2015/8/12,台南市,安南區,安富里,住宅,,23.0251806,120.1957308,50,3,3,監測,4,13,1,3,,,,,40,,,,8,2,0,0,6,2,6,2,24,6,80,4,-
190,2015/8/12,台南市,安南區,安富里,住宅,,23.0251806,120.1957308,52,2,2,監測,3,13,0,2,,,,,53,,,,4,1,0,0,4,2,4,2,13,4,102,5,-
191,2015/8/12,台南市,安南區,安富里,住宅,,23.0251806,120.1957308,50,,,監測,3,12,0,0,,,,,,,,,0,0,0,0,0,0,0,0,0,0,0,0,-
192,2015/8/12,台南市,中西區,民生里,住宅,,22.989425,120.1917626,50,2,2,監測,38,10,2,0,,,,,50,,,,4,1,0,0,4,2,4,2,4,2,100,4,-
193,2015/8/12,台南市,中西區,民權里,住宅,,22.9969861,120.1957308,83,7,7,監測,29,12,6,2,,,,,72,,,,10,3,0,0,8,3,8,3,20,5,87,4,-
194,2015/8/12,台南市,安平區,華平里,住宅,,22.9948005,120.1740847,22,1,1,監測,7,21,0,1,,,,,10,,,,5,2,0,0,5,2,5,2,4,2,45,4,-
157,2015/8/11,台南市,安平區,文平里,住宅,,22.9860574,120.1805789,56,2,2,監測,17,4,2,0,,,,,20,,,,4,1,0,0,4,2,4,2,10,4,36,4,-
158,2015/8/11,台南市,安平區,西門里,住宅,,23.0022304,120.1546002,48,3,3,監測,8,8,1,4,,,,,40,,,,10,3,0,0,6,2,6,2,31,7,83,4,-
159,2015/8/11,台南市,中西區,三合里,住宅,,22.9999315,120.1960915,23,3,3,監測,22,14,4,5,,,,,70,,,,39,5,0,0,13,3,13,3,25,6,304,6,-
160,2015/8/11,台南市,中西區,郡王里,住宅,,22.986515,120.2072739,38,9,9,監測,16,39,4,8,,,,,150,,,,32,4,0,0,24,4,24,4,22,6,395,6,-
161,2015/8/11,台南市,中西區,光賢里,住宅,,23.0038665,120.1885158,80,3,3,監測,19,19,1,2,,,,,28,,,,4,1,0,0,4,2,4,2,8,3,35,4,-
162,2015/8/11,台南市,南　區,明亮里,住宅,,22.9693947,120.1928448,40,6,6,監測,16,28,0,9,,,,,69,,,,23,4,0,0,15,3,15,3,20,5,173,5,-
163,2015/8/11,台南市,南　區,光明里,住宅,,22.971944,120.1870727,50,2,2,監測,10,11,0,7,,,,,70,,,,14,3,0,0,4,2,4,2,33,8,140,5,-
164,2015/8/11,台南市,南　區,鯤鯓里,住宅,,22.9566809,120.1733631,17,2,,監測,7,4,1,1,,,,,,43,,3,12,3,0,0,12,3,0,0,18,5,253,5,18
165,2015/8/11,台南市,南　區,開南里,住宅,,22.9668748,120.1856297,50,1,1,監測,6,4,1,0,,,,,5,,,,2,1,0,0,2,1,2,1,10,4,10,2,-
166,2015/8/11,台南市,永康區,三合里,住宅,,23.010739,120.2390123,50,4,,監測,32,22,2,2,,,,,,50,,,8,2,0,0,8,3,0,0,7,3,100,4,-
167,2015/8/11,台南市,永康區,二王里,住宅,,23.0177985,120.2469457,50,2,,監測,14,20,0,2,,,,,,10,,,4,1,0,0,4,2,0,0,6,3,20,3,-
168,2015/8/11,台南市,永康區,甲頂里,住宅,,23.0217702,120.2152092,57,,,監測,13,9,0,0,,,,,,,,,0,0,0,0,0,0,0,0,0,0,0,0,-
169,2015/8/11,台南市,永康區,勝利里,住宅,,23.004718,120.232521,50,,,監測,7,2,0,0,,,,,,,,,0,0,0,0,0,0,0,0,0,0,0,0,-
170,2015/8/11,台南市,安南區,安西里,住宅,,23.0310345,120.2094381,37,2,2,監測,8,16,0,3,,,,,17,,,,8,2,0,0,5,2,5,2,13,4,46,4,-
171,2015/8/11,台南市,安南區,溪北里,住宅,,23.0255799,120.2130451,98,4,4,監測,29,29,1,4,,,,,50,,,,5,2,0,0,4,2,4,2,9,3,51,4,-
172,2015/8/11,台南市,北　區,成德里,住宅,,23.0134491,120.2036668,162,1,1,其他,1,0,1,0,,,,,5,,,,1,1,0,0,1,1,1,1,100,9,3,1,-
173,2015/8/11,台南市,北　區,正風里,住宅,,23.0154694,120.2148485,217,,,其他,12,14,0,0,,,,,,,,,0,0,0,0,0,0,0,0,0,0,0,0,-
174,2015/8/11,台南市,北　區,六甲里,住宅,,23.0127602,120.2101595,161,,,其他,1,5,0,0,,,,,,,,,0,0,0,0,0,0,0,0,0,0,0,0,-
136,2015/8/10,台南市,中西區,民權里,住宅,,22.9969861,120.1957308,50,1,1,監測,9,19,1,0,,,,,5,,,,2,1,0,0,2,1,2,1,4,2,10,2,-
137,2015/8/10,台南市,中西區,保安里,住宅,,22.9917249,120.196813,50,,,監測,6,12,0,0,,,,,,,,,0,0,0,0,0,0,0,0,0,0,0,0,-
138,2015/8/10,台南市,中西區,三民里,住宅,,22.994872,120.2058311,50,2,2,監測,14,19,1,1,,,,,20,,,,4,1,0,0,4,2,4,2,6,3,40,4,-
139,2015/8/10,台南市,中西區,保安里,住宅,,22.9917249,120.196813,52,3,3,監測,5,9,1,3,,,,,19,,,,8,2,0,0,6,2,6,2,29,7,37,4,-
140,2015/8/10,台南市,中西區,三民里,住宅,,22.994872,120.2058311,50,1,1,監測,0,30,0,1,,,,,10,,,,2,1,0,0,2,1,2,1,3,2,20,3,-
141,2015/8/10,台南市,中西區,三民里,住宅,,22.994872,120.2058311,50,2,2,監測,0,10,0,2,,,,,20,,,,4,1,0,0,4,2,4,2,20,5,40,4,-
142,2015/8/10,台南市,中西區,三民里,住宅,,22.994872,120.2058311,57,,,監測,10,19,0,0,,,,,,,,,0,0,0,0,0,0,0,0,0,0,0,0,-
143,2015/8/10,台南市,中西區,三民里,住宅,,22.994872,120.2058311,50,1,1,監測,6,1,1,0,,,,,10,,,,2,1,0,0,2,1,2,1,14,4,20,3,-
144,2015/8/10,台南市,中西區,建國里,住宅,,22.993395,120.2000596,94,,,監測,4,49,0,0,,,,,,,,,0,0,0,0,0,0,0,0,0,0,0,0,-
145,2015/8/10,台南市,中西區,建國里,住宅,,22.993395,120.2000596,108,,,監測,0,24,0,0,,,,,,,,,0,0,0,0,0,0,0,0,0,0,0,0,-
146,2015/8/10,台南市,南　區,文南里,住宅,,22.9840282,120.1870727,50,1,1,監測,9,13,1,0,,,,,5,,,,2,1,0,0,2,1,2,1,5,2,10,2,-
147,2015/8/10,台南市,南　區,文南里,住宅,,22.9840282,120.1870727,50,,,監測,0,13,0,0,,,,,,,,,0,0,0,0,0,0,0,0,0,0,0,0,-
148,2015/8/10,台南市,南　區,文南里,住宅,,22.9840282,120.1870727,50,2,2,監測,7,10,0,3,,,,,70,,,,6,2,0,0,4,2,4,2,18,5,140,5,-
149,2015/8/10,台南市,東　區,路東里,住宅,,22.9801973,120.2134058,5,,,監測,3,0,0,0,,,,,,,,,0,0,0,0,0,0,0,0,0,0,0,0,-
150,2015/8/10,台南市,東　區,東門里,住宅,,22.9890322,120.2144878,50,,,監測,1,15,0,0,,,,,,,,,0,0,0,0,0,0,0,0,0,0,0,0,-
151,2015/8/10,台南市,東　區,和平里,住宅,,22.9745842,120.2354061,50,4,4,監測,2,20,0,4,,,,,100,,,,8,2,0,0,8,3,8,3,18,5,200,5,-
152,2015/8/10,台南市,東　區,東明里,住宅,,22.9916823,120.227472,50,1,1,監測,0,68,0,2,,,,,20,,,,4,1,0,0,2,1,2,1,3,2,40,4,-
153,2015/8/10,台南市,永康區,甲頂里,住宅,,23.0217702,120.2152092,50,4,,監測,1,29,0,4,,,,,,35,,3,8,2,0,0,8,3,0,0,13,4,70,4,6
154,2015/8/10,台南市,永康區,鹽洲里,住宅,,23.0436165,120.2353158,53,5,,監測,5,33,0,5,,,,,,130,,5,9,2,0,0,9,3,0,0,13,4,245,5,9
155,2015/8/10,台南市,南　區,開南里,住宅,,22.9668748,120.1856297,81,,,監測,14,31,0,0,,,,,,,,,0,0,0,0,0,0,0,0,0,0,0,0,-
156,2015/8/10,台南市,安平區,金城里,住宅,,22.9953785,120.1488264,22,2,,監測,1,37,0,11,,,,,,100,,,50,6,0,0,9,3,0,0,29,7,455,6,-
175,2015/8/10,台南市,安南區,溪東里,住宅,,23.0253139,120.2015025,71,4,4,監測,27,31,3,2,,,,,52,,,,7,2,0,0,6,2,6,2,9,3,73,4,-
176,2015/8/10,台南市,安南區,溪東里,住宅,,23.0253139,120.2015025,78,3,3,監測,13,113,2,2,,,,,41,,,,5,2,0,0,4,2,4,2,3,2,53,4,-
112,2015/8/7,台南市,安平區,華平里,住宅,,22.9948005,120.1740847,50,,,監測,2,11,0,0,,,,,,,,,0,0,0,0,0,0,0,0,0,0,0,0,-
113,2015/8/7,台南市,南　區,日新里,市場,,22.974026,120.1899588,52,,,監測,13,14,0,0,,,,,,,,,0,0,0,0,0,0,0,0,0,0,0,0,-
114,2015/8/7,台南市,南　區,鯤鯓里,住宅,,22.9566809,120.1733631,50,3,,監測,3,20,0,4,,,,,,70,,,8,2,0,0,6,2,0,0,17,5,140,5,-
115,2015/8/7,台南市,南　區,開南里,住宅,,22.9668748,120.1856297,34,4,4,監測,3,17,0,4,,,,,24,,,,12,3,0,0,12,3,12,3,20,5,71,4,-
116,2015/8/7,台南市,南　區,明亮里,住宅,,22.9693947,120.1928448,34,,,監測,13,5,0,0,,,,,,,,,0,0,0,0,0,0,0,0,0,0,0,0,-
117,2015/8/7,台南市,南　區,大忠里,住宅,,22.9698014,120.2101595,50,2,2,監測,12,8,0,2,,,,,10,,,,4,1,0,0,4,2,4,2,10,4,20,3,-
118,2015/8/7,台南市,東　區,龍山里,機關,,22.9834946,120.2217014,51,,,監測,0,4,0,0,,,,,,,,,0,0,0,0,0,0,0,0,0,0,0,0,-
119,2015/8/7,台南市,東　區,裕農里,住宅,,22.9886954,120.2289146,50,1,1,監測,2,11,0,1,,,,,10,,,,2,1,0,0,2,1,2,1,8,3,20,3,-
120,2015/8/7,台南市,永康區,安康里,住宅,,23.0158435,120.227472,50,1,,監測,7,0,1,0,,,,,,10,,,2,1,0,0,2,1,0,0,14,4,20,3,-
121,2015/8/7,台南市,永康區,中興里,住宅,,23.0061926,120.2382911,100,2,,監測,13,3,1,1,,,,,,25,,,2,1,0,0,2,1,0,0,13,4,25,3,-
122,2015/8/7,台南市,永康區,勝利里,住宅,,23.004718,120.232521,50,,,監測,1,2,0,0,,,,,,,,,0,0,0,0,0,0,0,0,0,0,0,0,-
123,2015/8/7,台南市,永康區,鹽行里,住宅,,23.0423211,120.2320089,50,1,,監測,17,8,0,1,,,,,,10,,,2,1,0,0,2,1,0,0,4,2,20,3,-
124,2015/8/7,台南市,北　區,玉皇里,住宅,,22.9996798,120.2069132,100,1,1,監測,0,17,0,1,,,,,83,,,,1,1,0,0,1,1,1,1,6,3,83,4,-
125,2015/8/7,台南市,北　區,中樓里,住宅,,23.0034966,120.2159306,50,1,1,監測,5,9,1,0,,,,,42,,,2,2,1,0,0,2,1,2,1,7,3,84,4,4
126,2015/8/7,台南市,北　區,永祥里,住宅,,23.0160134,120.2202587,50,1,1,監測,6,7,0,1,,,,,3,,,,2,1,0,0,2,1,2,1,8,3,6,2,-
127,2015/8/7,台南市,中西區,建國里,住宅,,22.993395,120.2000596,50,,,監測,4,13,0,0,,,,,,,,,0,0,0,0,0,0,0,0,0,0,0,0,-
128,2015/8/7,台南市,中西區,三民里,住宅,,22.994872,120.2058311,50,2,2,監測,9,13,0,2,,,,,13,,,,4,1,0,0,4,2,4,2,9,3,26,3,-
129,2015/8/7,台南市,中西區,萬昌里,住宅,,22.9899384,120.2101595,24,,,監測,7,12,0,0,,,,,,,,,0,0,0,0,0,0,0,0,0,0,0,0,-
130,2015/8/7,台南市,中西區,文賢里,住宅,,23.003892,120.1932056,29,1,1,監測,5,0,1,0,,,,,30,,,,3,1,0,0,3,1,3,1,20,5,103,5,-
131,2015/8/7,台南市,中西區,民權里,住宅,,22.9969861,120.1957308,42,6,6,監測,24,7,7,0,,,,,127,,,,17,3,0,0,14,3,14,3,23,6,302,6,-
132,2015/8/7,台南市,中西區,中正里,住宅,,22.993999,120.1971737,64,1,1,監測,8,6,1,0,,,,,20,,,,2,1,0,0,2,1,2,1,7,3,31,4,-
133,2015/8/7,台南市,安南區,淵東里,住宅,,23.0564843,120.1776926,50,,,監測,1,8,0,0,,,,,,,,,0,0,0,0,0,0,0,0,0,0,0,0,-
134,2015/8/7,台南市,安南區,梅花里,住宅,,23.038824,120.1978952,50,,,監測,0,8,0,0,,,,,,,,,0,0,0,0,0,0,0,0,0,0,0,0,-
135,2015/8/7,台南市,安南區,幸福里,住宅,,23.0210189,120.1899588,50,,,監測,2,9,0,0,,,,,,,,,0,0,0,0,0,0,0,0,0,0,0,0,-
92,2015/8/6,台南市,永康區,安康里,住宅,,23.0158435,120.227472,50,4,,監測,7,1,3,1,,,,,,70,,,8,2,0,0,8,3,0,0,50,9,140,5,-
93,2015/8/6,台南市,永康區,西灣里,住宅,,23.0120871,120.2613689,50,4,,監測,20,16,2,2,,,,,,88,,2,8,2,0,0,8,3,0,0,11,4,176,5,4
94,2015/8/6,台南市,安平區,國平里,住宅,,22.9793723,120.1675902,11,,,監測,4,4,0,0,,,,,,,,,0,0,0,0,0,0,0,0,0,0,0,0,-
95,2015/8/6,台南市,安平區,平安里,住宅,,22.9991307,120.1726415,11,1,,監測,2,8,0,1,,,,,,10,,,9,2,0,0,9,3,0,0,10,4,91,4,-
96,2015/8/6,台南市,安平區,金城里,住宅,,22.9953785,120.1488264,50,1,,監測,2,8,0,1,,,,,,10,,,2,1,0,0,2,1,0,0,10,4,20,3,-
97,2015/8/6,台南市,安南區,溪北里,住宅,,23.0255799,120.2130451,50,,,監測,1,3,0,0,,,,,,,,,0,0,0,0,0,0,0,0,0,0,0,0,-
98,2015/8/6,台南市,安南區,溪北里,住宅,,23.0255799,120.2130451,50,,,監測,1,4,0,0,,,,,,,,,0,0,0,0,0,0,0,0,0,0,0,0,-
99,2015/8/6,台南市,安南區,鳳凰里,住宅,,23.0417267,120.2000596,50,,,監測,2,6,0,0,,,,,,,,,0,0,0,0,0,0,0,0,0,0,0,0,-
100,2015/8/6,台南市,安南區,溪頂里,住宅,,23.0254471,120.2072739,66,2,2,監測,12,5,1,2,,,,,40,,,,5,2,0,0,3,1,3,1,18,5,61,4,-
101,2015/8/6,台南市,安南區,溪東里,住宅,,23.0253139,120.2015025,50,,,監測,5,20,0,0,,,,,,,,,0,0,0,0,0,0,0,0,0,0,0,0,-
102,2015/8/6,台南市,安南區,安和里,住宅,,23.0310818,120.218816,50,3,3,監測,0,7,0,5,,,,,20,,,,10,3,0,0,6,2,6,2,71,9,40,4,-
103,2015/8/6,台南市,北　區,正覺里,住宅,,23.0151428,120.2116023,150,3,3,監測,31,16,3,1,,,,,20,,,,3,1,0,0,2,1,2,1,9,3,13,3,-
104,2015/8/6,台南市,中西區,西賢里,住宅,,23.0039814,120.1719199,50,3,3,監測,14,9,2,1,,,,,25,,,,6,2,0,0,6,2,6,2,13,4,50,4,-
105,2015/8/6,台南市,中西區,天后里,住宅,,22.9975318,120.2011417,26,1,1,監測,14,1,2,0,,,,,5,,,,8,2,0,0,4,2,4,2,13,4,19,3,-
106,2015/8/6,台南市,中西區,協和里,住宅,,23.0016179,120.1928448,16,,,監測,6,3,0,0,,,,,,,,,0,0,0,0,0,0,0,0,0,0,0,0,-
107,2015/8/6,台南市,南　區,喜北里,住宅,,22.9490628,120.1776926,50,2,2,監測,8,9,0,2,,,,,12,,,,4,1,0,0,4,2,4,2,12,4,24,3,-
108,2015/8/6,台南市,南　區,開南里,住宅,,22.9668748,120.1856297,50,3,3,監測,8,17,1,2,,,,,32,,,,6,2,0,0,6,2,6,2,12,4,64,4,-
109,2015/8/6,台南市,東　區,路東里,住宅,,22.9801973,120.2134058,50,3,3,監測,0,7,0,5,,,,,100,,,,10,3,0,0,6,2,6,2,71,9,200,5,-
110,2015/8/6,台南市,東　區,虎尾里,住宅,,22.9791309,120.2361273,50,,,監測,2,23,0,0,,,,,,,,,0,0,0,0,0,0,0,0,0,0,0,0,-
111,2015/8/6,台南市,東　區,路東里,住宅,,22.9801973,120.2134058,50,1,1,監測,0,13,0,3,,,,,30,,,,6,2,0,0,2,1,2,1,23,6,60,4,-
72,2015/8/5,台南市,安平區,平安里,住宅,,22.9991307,120.1726415,305,,,監測,2,4,0,0,,,,,,,,,0,0,0,0,0,0,0,0,0,0,0,0,-
73,2015/8/5,台南市,北　區,正覺里,住宅,,23.0151428,120.2116023,112,4,4,監測,7,4,2,2,,,,,50,,,,4,1,0,0,4,2,4,2,36,8,45,4,-
74,2015/8/5,台南市,北　區,成德里,住宅,,23.0134491,120.2036668,50,,,監測,0,2,0,0,,,,,,,,,0,0,0,0,0,0,0,0,0,0,0,0,-
75,2015/8/5,台南市,北　區,成功里,住宅,,23.0202949,120.2094381,50,5,5,監測,6,8,1,4,,,,,50,,,4,10,3,0,0,10,3,10,3,36,8,100,4,8
76,2015/8/5,台南市,永康區,五王里,住宅,,23.0116465,120.2346848,50,2,,監測,3,18,0,2,,,,,,11,,,4,1,0,0,4,2,0,0,10,4,22,3,-
77,2015/8/5,台南市,永康區,西勢里,住宅,,23.0154649,120.2772325,55,2,,監測,16,8,1,1,,,,,,11,,,4,1,0,0,4,2,0,0,8,3,20,3,-
78,2015/8/5,台南市,中西區,民生里,住宅,,22.989425,120.1917626,50,2,2,監測,8,19,0,3,,,,,11,,,,6,2,0,0,4,2,4,2,11,4,22,3,-
79,2015/8/5,台南市,中西區,民生里,住宅,,22.989425,120.1917626,55,,,監測,0,2,0,0,,,,,,,,,0,0,0,0,0,0,0,0,0,0,0,0,-
80,2015/8/5,台南市,中西區,民生里,住宅,,22.989425,120.1917626,79,2,2,監測,0,9,0,3,,,,,30,,,,4,1,0,0,3,1,3,1,33,8,38,4,-
81,2015/8/5,台南市,中西區,中正里,住宅,,22.993999,120.1971737,50,1,1,監測,8,5,1,0,,,,,10,,,,2,1,0,0,2,1,2,1,8,3,20,3,-
82,2015/8/5,台南市,中西區,民主里,住宅,,22.9923288,120.1939271,31,4,4,監測,24,2,8,1,,,,,80,,,,29,4,0,0,13,3,13,3,35,8,258,5,-
83,2015/8/5,台南市,南　區,大恩里,機關,,22.9548154,120.2079953,50,,,監測,1,1,0,0,,,,,,,,,0,0,0,0,0,0,0,0,0,0,0,0,-
84,2015/8/5,台南市,南　區,大林里,住宅,,22.9733919,120.2058311,52,2,2,監測,12,6,0,3,,,,,25,,,10,6,2,0,0,4,2,4,2,17,5,48,4,19
85,2015/8/5,台南市,南　區,鯤鯓里,住宅,,22.9566809,120.1733631,50,4,,監測,6,17,1,3,,,,,,80,,,8,2,0,0,8,3,0,0,17,5,160,5,-
86,2015/8/5,台南市,南　區,廣州里,住宅,,22.9841637,120.1928448,50,,,監測,25,3,0,0,,,,,,,,,0,0,0,0,0,0,0,0,0,0,0,0,-
87,2015/8/5,台南市,東　區,虎尾里,住宅,,22.9791309,120.2361273,50,3,3,監測,8,8,0,6,,,,,120,,,,12,3,0,0,6,2,6,2,38,8,240,5,-
88,2015/8/5,台南市,東　區,大同里,住宅,,22.9839645,120.2130451,50,2,2,監測,2,11,0,3,,,,,20,,,,6,2,0,0,4,2,4,2,23,6,40,4,-
89,2015/8/5,台南市,東　區,大德里,住宅,,22.9778817,120.2148485,50,1,1,監測,3,8,0,2,,,,,30,,,,4,1,0,0,2,1,2,1,18,5,60,4,-
90,2015/8/5,台南市,東　區,崇文里,住宅,,22.9677389,120.2296358,50,1,1,監測,0,10,0,1,,,,,10,,,,2,1,0,0,2,1,2,1,10,4,20,3,-
91,2015/8/5,台南市,永康區,永康里,住宅,,23.0234285,120.2584844,50,5,,監測,6,20,0,7,,,,,,110,,22,14,3,0,0,10,3,0,0,27,6,220,5,44
48,2015/8/4,台南市,北　區,正覺里,住宅,,23.0151428,120.2116023,103,,,衛生所,18,1,0,0,,,,,,,,,0,0,0,0,0,0,0,0,0,0,0,0,-
50,2015/8/4,台南市,安平區,文平里,住宅,,22.9860574,120.1805789,225,,,監測,3,5,0,0,,,,,,,,,0,0,0,0,0,0,0,0,0,0,0,0,-
51,2015/8/4,台南市,安平區,國平里,住宅,,22.9793723,120.1675902,50,1,1,監測,3,6,0,1,,,,,5,,,,2,1,0,0,2,1,2,1,11,4,10,2,-
52,2015/8/4,台南市,中西區,永華里,住宅,,22.9911465,120.2043882,50,,,監測,12,11,0,0,,,,,,,,,0,0,0,0,0,0,0,0,0,0,0,0,-
53,2015/8/4,台南市,中西區,民權里,住宅,,22.9969861,120.1957308,50,2,2,監測,15,7,0,2,,,,,20,,,,4,1,0,0,4,2,4,2,9,3,40,4,-
54,2015/8/4,台南市,中西區,普濟里,住宅,,22.9991764,120.1996988,50,4,4,監測,6,14,1,3,,,,,25,,,,8,2,0,0,8,3,8,3,20,5,50,4,-
55,2015/8/4,台南市,中西區,保安里,住宅,,22.9917249,120.196813,50,,,監測,4,8,0,0,,,,,,,,,0,0,0,0,0,0,0,0,0,0,0,0,-
56,2015/8/4,台南市,南　區,荔宅里,住宅,,22.9749009,120.1986166,50,7,7,監測,15,11,2,6,,,,,81,,,2,16,3,0,0,14,3,14,3,31,7,162,5,4
57,2015/8/4,台南市,南　區,明德里,住宅,,22.9710918,120.200781,50,,,監測,1,7,0,0,,,,,,,,,0,0,0,0,0,0,0,0,0,0,0,0,-
58,2015/8/4,台南市,南　區,竹溪里,住宅,,22.9779397,120.2065525,50,1,1,監測,3,9,0,1,,,,,10,,,,2,1,0,0,2,1,2,1,8,3,20,3,-
59,2015/8/4,台南市,南　區,大林里,住宅,,22.9733919,120.2058311,50,4,,監測,10,20,0,4,,,,,,71,,3,8,2,0,0,8,3,0,0,13,4,142,5,6
60,2015/8/4,台南市,南　區,明興里,住宅,,22.9629831,120.1914018,51,2,2,監測,7,6,0,3,,,,,30,,,,6,2,0,0,4,2,4,2,23,6,59,4,-
61,2015/8/4,台南市,南　區,日新里,住宅,,22.974026,120.1899588,50,1,1,監測,47,18,1,0,,,,,5,,,,2,1,0,0,2,1,2,1,2,1,10,2,-
62,2015/8/4,台南市,南　區,明興里,住宅,,22.9629831,120.1914018,50,2,2,監測,3,18,1,1,,,,,15,,,,4,1,0,0,4,2,4,2,10,4,30,3,-
63,2015/8/4,台南市,南　區,鯤鯓里,住宅,,22.9566809,120.1733631,50,1,,監測,6,26,0,4,,,,,,110,,26,8,2,0,0,2,1,0,0,13,4,220,5,52
64,2015/8/4,台南市,東　區,崇德里,住宅,,22.9745344,120.2260293,50,1,1,監測,3,3,1,0,,,,,20,,,,2,1,0,0,2,1,2,1,17,5,40,4,-
65,2015/8/4,台南市,東　區,和平里,住宅,,22.9745842,120.2354061,50,2,,監測,0,20,0,16,,,,,,400,,,32,4,0,0,4,2,0,0,80,9,800,6,-
66,2015/8/4,台南市,東　區,自強里,住宅,,22.9824198,120.2332423,50,1,1,監測,0,10,0,2,,,,,20,,,,4,1,0,0,2,1,2,1,20,5,40,4,-
67,2015/8/4,台南市,東　區,後甲里,住宅,,22.9927707,120.2382911,50,1,1,監測,2,7,1,0,,,,,100,,,30,2,1,0,0,2,1,2,1,11,4,200,5,60
68,2015/8/4,台南市,安南區,安和里,住宅,,23.0310818,120.218816,50,,,監測,1,6,0,0,,,,,,,,,0,0,0,0,0,0,0,0,0,0,0,0,-
69,2015/8/4,台南市,安南區,鳳凰里,住宅,,23.0417267,120.2000596,51,,,監測,4,9,0,0,,,,,,,,,0,0,0,0,0,0,0,0,0,0,0,0,-
70,2015/8/4,台南市,安南區,溪頂里,住宅,,23.0254471,120.2072739,50,,,監測,0,6,0,0,,,,,,,,,0,0,0,0,0,0,0,0,0,0,0,0,-
71,2015/8/4,台南市,永康區,西勢里,住宅,,23.0154649,120.2772325,100,3,,監測,11,26,0,3,,,,,,32,,,3,1,0,0,3,1,0,0,8,3,32,4,-
14,2015/8/3,台南市,安平區,建平里,住宅,,22.9935103,120.1834651,229,,,監測,3,4,0,0,,,,,,,,,0,0,0,0,0,0,0,0,0,0,0,0,-
15,2015/8/3,台南市,安平區,漁光里,住宅,,22.9801396,120.1574869,50,1,,監測,2,7,0,1,,,,,,20,,,2,1,0,0,2,1,0,0,11,4,40,4,-
16,2015/8/3,台南市,南　區,新生里,住宅,,22.9775543,120.2116023,50,1,1,監測,7,13,0,1,,,,,6,,,,2,1,0,0,2,1,2,1,5,2,12,3,-
17,2015/8/3,台南市,南　區,國宅里,市場,,22.9759721,120.1870727,107,,,監測,19,1,0,0,,,,,,,,,0,0,0,0,0,0,0,0,0,0,0,0,-
18,2015/8/3,台南市,南　區,廣州里,住宅,,22.9841637,120.1928448,51,,,監測,8,5,0,0,,,,,,,,,0,0,0,0,0,0,0,0,0,0,0,0,-
19,2015/8/3,台南市,南　區,同安里,住宅,,22.9224836,120.1892373,28,2,2,監測,6,9,0,3,,,,,23,,,,11,3,0,0,7,2,7,2,20,5,82,4,-
20,2015/8/3,台南市,北　區,正覺里,住宅,,23.0151428,120.2116023,253,1,1,監測,73,25,0,1,,,,,5,,,,0,1,0,0,0,1,0,1,1,1,2,1,-
21,2015/8/3,台南市,北　區,正覺里,住宅,,23.0151428,120.2116023,77,,,監測,28,6,0,0,,,,,,,,,0,0,0,0,0,0,0,0,0,0,0,0,-
22,2015/8/3,台南市,北　區,正覺里,住宅,,23.0151428,120.2116023,100,2,2,監測,45,21,1,1,,,,,30,,,,2,1,0,0,2,1,2,1,3,2,30,3,-
23,2015/8/3,台南市,北　區,長榮里,住宅,,23.0091928,120.2191767,50,,,衛生局,6,15,0,0,,,,,,,,,0,0,0,0,0,0,0,0,0,0,0,0,-
24,2015/8/3,台南市,南　區,文華里,住宅,,22.98611,120.1899588,90,,,監測,29,15,0,0,,,,,,,,,0,0,0,0,0,0,0,0,0,0,0,0,-
25,2015/8/3,台南市,東　區,裕聖里,住宅,,22.9802195,120.2469457,50,5,,監測,0,9,0,6,,,,,,200,,,12,3,0,0,10,3,0,0,67,9,400,6,-
26,2015/8/3,台南市,東　區,裕農里,住宅,,22.9886954,120.2289146,50,1,1,監測,1,15,0,1,,,,,10,,,,2,1,0,0,2,1,2,1,6,3,20,3,-
27,2015/8/3,台南市,東　區,後甲里,機關,,22.9927707,120.2382911,100,37,37,監測,0,42,0,37,,,,,2000,,,,37,5,0,0,37,5,37,5,88,9,2000,7,-
28,2015/8/3,台南市,中西區,小西里,住宅,,22.9883267,120.1986166,50,2,2,監測,6,10,0,2,,,,,30,,,,4,1,0,0,4,2,4,2,13,4,60,4,-
29,2015/8/3,台南市,中西區,西賢里,住宅,,23.0039814,120.1719199,50,6,6,監測,4,16,1,6,,,,,65,,,,14,3,0,0,12,3,12,3,35,8,130,5,-
30,2015/8/3,台南市,中西區,民權里,住宅,,22.9969861,120.1957308,100,2,2,監測,0,18,0,2,,,,,35,,,,2,1,0,0,2,1,2,1,11,4,35,4,-
31,2015/8/3,台南市,中西區,民生里,住宅,,22.989425,120.1917626,196,3,3,監測,56,30,5,0,,,,,30,,,,3,1,0,0,2,1,2,1,6,3,15,3,-
32,2015/8/3,台南市,中西區,民主里,住宅,,22.9923288,120.1939271,124,1,1,監測,2,17,0,1,,,,,20,,,,1,1,0,0,1,1,1,1,5,2,16,3,-
33,2015/8/3,台南市,安南區,安慶里,住宅,,23.0390892,120.2094381,45,,,監測,17,15,0,0,,,,,,,,,0,0,0,0,0,0,0,0,0,0,0,0,-
34,2015/8/3,台南市,安南區,淵東里,住宅,,23.0564843,120.1776926,94,1,,監測,7,17,0,1,,,,,,5,,,1,1,0,0,1,1,0,0,4,2,5,2,-
35,2015/8/3,台南市,安南區,淵西里,住宅,,23.0562175,120.1661469,50,4,,監測,0,21,0,4,,,,,,25,,,8,2,0,0,8,3,0,0,19,5,50,4,-
36,2015/8/3,台南市,安南區,安順里,住宅,,23.0500919,120.2209801,50,,,監測,0,10,0,0,,,,,,,,,0,0,0,0,0,0,0,0,0,0,0,0,-
37,2015/8/3,台南市,永康區,安康里,住宅,,23.0158435,120.227472,61,3,,衛生所,11,24,0,3,,,,,,20,,,5,2,0,0,5,2,0,0,9,3,33,4,-
38,2015/8/3,台南市,永康區,安康里,住宅,,23.0158435,120.227472,60,4,,衛生所,5,10,1,4,,,,,,36,,,8,2,0,0,7,2,0,0,33,8,60,4,-
39,2015/8/3,台南市,永康區,安康里,住宅,,23.0158435,120.227472,182,8,,衛生所,27,49,1,8,,,,,,70,,,5,2,0,0,4,2,0,0,12,4,38,4,-
40,2015/8/3,台南市,永康區,尚頂里,住宅,,23.0263645,120.225308,104,8,,衛生所,29,30,1,7,,,,,,190,,,8,2,0,0,8,3,0,0,14,4,183,5,-
41,2015/8/3,台南市,永康區,安康里,住宅,,23.0158435,120.227472,13,,,監測,0,2,0,0,,,,,,,,,0,0,0,0,0,0,0,0,0,0,0,0,-
42,2015/8/3,台南市,永康區,北灣里,住宅,,23.012954,120.270022,20,,,監測,0,8,0,0,,,,,,,,,0,0,0,0,0,0,0,0,0,0,0,0,-
43,2015/8/3,台南市,安南區,溪頂里,住宅,,23.0254471,120.2072739,115,,,監測,35,5,0,0,,,,,,,,,0,0,0,0,0,0,0,0,0,0,0,0,-
44,2015/8/3,台南市,北　區,正覺里,住宅,,23.0151428,120.2116023,102,,,監測,22,2,0,0,,,,,,,,,0,0,0,0,0,0,0,0,0,0,0,0,-
45,2015/8/3,台南市,北　區,大港里,住宅,,23.0104452,120.1827435,50,3,,監測,2,31,2,1,,,,,,30,,,6,2,0,0,6,2,0,0,9,3,60,4,-
46,2015/8/3,台南市,北　區,五福里,住宅,,23.0004351,120.2033061,21,3,,監測,3,9,0,9,,,,,,100,,,43,5,0,0,14,3,0,0,75,9,476,6,-
47,2015/8/3,台南市,北　區,中樓里,住宅,,23.0034966,120.2159306,24,4,,監測,8,7,1,4,,,,,,50,,,21,4,0,0,17,3,0,0,33,8,208,5,-
7,2015/8/2,台南市,中西區,民主里,住宅,,22.9923288,120.1939271,56,2,2,監測,4,18,1,1,,,,,220,,,,4,1,0,0,4,2,4,2,9,3,393,6,-
8,2015/8/2,台南市,中西區,天后里,住宅,,22.9975318,120.2011417,50,2,2,監測,16,7,3,0,,,,,75,,,,6,2,0,0,4,2,4,2,13,4,150,5,-
9,2015/8/2,台南市,中西區,元安里,住宅,,22.9885194,120.1960915,53,5,5,監測,10,10,3,2,,,,,35,,,,9,2,0,0,9,3,9,3,25,6,66,4,-
10,2015/8/2,台南市,中西區,協和里,住宅,,23.0016179,120.1928448,50,2,2,監測,7,14,1,1,,,,,10,,,,4,1,0,0,4,2,4,2,10,4,20,3,-
1,2015/8/1,台南市,中西區,大南里,住宅,,22.9847358,120.2029453,52,3,3,監測,1,16,0,4,,,,,16,,,,8,2,0,0,6,2,6,2,24,6,31,4,-
2,2015/8/1,台南市,中西區,赤嵌里,住宅,,22.9972549,120.2072739,51,1,1,監測,3,22,0,1,,,,,50,,,,2,1,0,0,2,1,2,1,4,2,98,4,-
3,2015/8/1,台南市,中西區,民權里,住宅,,22.9969861,120.1957308,50,7,7,監測,5,37,0,8,,,,,135,,,,16,3,0,0,14,3,14,3,19,5,270,5,-
4,2015/8/1,台南市,中西區,民權里,住宅,,22.9969861,120.1957308,50,3,3,監測,19,18,1,4,,,,,61,,,,10,3,0,0,6,2,6,2,14,4,122,5,-
5,2015/8/1,台南市,中西區,民生里,住宅,,22.989425,120.1917626,50,2,2,監測,6,17,1,1,,,,,10,,,,4,1,0,0,4,2,4,2,9,3,20,3,-
6,2015/8/1,台南市,中西區,民生里,住宅,,22.989425,120.1917626,52,2,2,監測,6,18,1,1,,,,,25,,,,4,1,0,0,4,2,4,2,8,3,48,4,-
11,2015/8/1,台南市,北　區,大山里,住宅,,23.0090596,120.2134058,50,2,2,監測,1,10,0,5,,,,,80,,,,10,3,0,0,4,2,4,2,45,9,160,5,-
12,2015/8/1,台南市,南　區,同安里,住宅,,22.9224836,120.1892373,28,,,衛生所,15,6,0,0,,,,,,,,,0,0,0,0,0,0,0,0,0,0,0,0,-
13,2015/8/1,台南市,南　區,文華里,住宅,,22.98611,120.1899588,17,1,1,衛生所,12,2,0,1,,,,,5,,,,6,2,0,0,6,2,6,2,7,3,29,3,-
49,2015/8/1,台南市,北　區,和順里,學校,,23.0051759,120.2015025,50,,,衛生局,0,4,0,0,,,,,,,,,0,0,0,0,0,0,0,0,0,0,0,0,-
